1 0.447656 0.279167 0.495313 0.470833
0 0.092969 0.103125 0.167188 0.185417
0 0.202344 0.272917 0.148438 0.275000
0 0.100000 0.360417 0.181250 0.270833
0 0.262500 0.678125 0.481250 0.293750
0 0.633594 0.122917 0.151563 0.183333
0 0.759375 0.073958 0.143750 0.139583
0 0.921094 0.116667 0.142187 0.020833
0 0.886719 0.238542 0.142187 0.177083
0 0.764063 0.308333 0.150000 0.195833
0 0.649219 0.496875 0.170313 0.210417
0 0.760156 0.858333 0.132812 0.170833
0 0.529687 0.929167 0.187500 0.137500
0 0.915625 0.915625 0.143750 0.143750
0 0.103906 0.916667 0.164062 0.137500
0 0.942188 0.354167 0.109375 0.062500
