1 0.217188 0.287500 0.209375 0.304167
0 0.107031 0.837500 0.107813 0.137500
0 0.178125 0.916667 0.143750 0.112500
0 0.238281 0.839583 0.132812 0.141667
0 0.339063 0.881250 0.106250 0.133333
0 0.409375 0.907292 0.115625 0.131250
0 0.489063 0.944792 0.084375 0.093750
0 0.265625 0.615625 0.128125 0.160417
0 0.081250 0.603125 0.137500 0.172917
0 0.167969 0.579167 0.132812 0.187500
0 0.102344 0.444792 0.157813 0.197917
0 0.072656 0.262500 0.104688 0.137500
0 0.154688 0.083333 0.209375 0.154167
0 0.380469 0.072917 0.160938 0.104167
0 0.476562 0.195833 0.137500 0.195833
0 0.552344 0.258333 0.126562 0.104167
0 0.621875 0.478125 0.128125 0.172917
0 0.763281 0.438542 0.123438 0.210417
0 0.800000 0.472917 0.131250 0.175000
0 0.876563 0.433333 0.106250 0.145833
0 0.962500 0.380208 0.056250 0.072917
0 0.897656 0.146875 0.110938 0.172917
0 0.668750 0.229167 0.165625 0.179167
0 0.543750 0.082292 0.146875 0.143750
0 0.628125 0.112500 0.100000 0.095833
0 0.715625 0.061458 0.093750 0.118750
0 0.802344 0.056250 0.104688 0.083333
0 0.940625 0.081250 0.112500 0.141667
0 0.914844 0.866667 0.160938 0.183333
0 0.965625 0.916667 0.062500 0.083333
2 0.971875 0.139583 0.031250 0.033333
2 0.351562 0.027083 0.040625 0.041667
