1 0.434375 0.446875 0.209375 0.339583
0 0.372656 0.843750 0.104688 0.208333
0 0.432813 0.815625 0.096875 0.206250
0 0.366406 0.945833 0.104688 0.100000
0 0.475000 0.942708 0.106250 0.110417
0 0.546875 0.846875 0.100000 0.152083
0 0.718750 0.930208 0.103125 0.114583
0 0.855469 0.962500 0.095313 0.066667
0 0.674219 0.691667 0.135938 0.170833
0 0.723438 0.510417 0.140625 0.158333
0 0.650000 0.407292 0.106250 0.214583
0 0.731250 0.267708 0.125000 0.218750
0 0.879688 0.233333 0.140625 0.220833
0 0.928906 0.451042 0.110938 0.185417
0 0.809375 0.406250 0.125000 0.158333
0 0.250781 0.567708 0.107813 0.177083
0 0.196094 0.659375 0.142187 0.156250
0 0.070312 0.653125 0.128125 0.168750
0 0.051563 0.854167 0.071875 0.179167
0 0.086719 0.768750 0.085938 0.158333
0 0.118750 0.425000 0.125000 0.162500
0 0.050000 0.325000 0.090625 0.220833
0 0.050000 0.455208 0.081250 0.147917
0 0.193750 0.212500 0.106250 0.187500
0 0.282031 0.279167 0.107813 0.166667
0 0.358594 0.216667 0.123438 0.162500
0 0.459375 0.184375 0.118750 0.197917
0 0.543750 0.196875 0.100000 0.160417
0 0.685156 0.055208 0.139063 0.089583
0 0.887500 0.103125 0.162500 0.189583
0 0.371875 0.061458 0.137500 0.097917
0 0.260937 0.048958 0.212500 0.085417
0 0.084375 0.084375 0.156250 0.139583
2 0.189063 0.788542 0.028125 0.052083
2 0.078125 0.883333 0.031250 0.062500
