1 0.500781 0.387500 0.279688 0.379167
1 0.113281 0.646875 0.135938 0.143750
0 0.260156 0.727083 0.229688 0.258333
0 0.172656 0.818750 0.167188 0.191667
0 0.049219 0.937500 0.067187 0.108333
0 0.185938 0.948958 0.115625 0.085417
0 0.332813 0.917708 0.125000 0.156250
0 0.448438 0.707292 0.146875 0.231250
0 0.512500 0.927083 0.118750 0.133333
0 0.658594 0.895833 0.142187 0.175000
0 0.689063 0.697917 0.171875 0.145833
0 0.689844 0.588542 0.145313 0.147917
0 0.773438 0.453125 0.162500 0.231250
0 0.902344 0.560417 0.132812 0.266667
0 0.870313 0.836458 0.128125 0.185417
0 0.870313 0.710417 0.134375 0.175000
0 0.973438 0.786458 0.043750 0.210417
0 0.924219 0.975000 0.045313 0.045833
0 0.298438 0.281250 0.153125 0.125000
0 0.317188 0.219792 0.146875 0.193750
0 0.275781 0.066667 0.226562 0.104167
0 0.168750 0.461458 0.118750 0.177083
0 0.053125 0.317708 0.100000 0.231250
0 0.074219 0.158333 0.123438 0.229167
0 0.436719 0.087500 0.182813 0.129167
0 0.657031 0.088542 0.176563 0.156250
0 0.853125 0.286458 0.121875 0.222917
0 0.968750 0.161458 0.043750 0.202083
0 0.840625 0.070833 0.212500 0.129167
2 0.231250 0.969792 0.081250 0.043750
2 0.115625 0.650000 0.100000 0.112500
2 0.006250 0.469792 0.012500 0.085417
2 0.643750 0.052083 0.053125 0.058333
