1 0.293750 0.454167 0.412500 0.508333
0 0.542188 0.717708 0.203125 0.293750
0 0.685156 0.714583 0.148438 0.204167
0 0.284375 0.733333 0.162500 0.162500
0 0.103125 0.711458 0.125000 0.210417
0 0.104688 0.928125 0.146875 0.135417
0 0.246094 0.901042 0.123438 0.189583
0 0.521875 0.933333 0.175000 0.120833
0 0.646094 0.493750 0.132812 0.183333
0 0.813281 0.587500 0.160938 0.179167
0 0.871875 0.676042 0.087500 0.156250
0 0.943750 0.667708 0.106250 0.089583
0 0.611719 0.266667 0.145313 0.204167
0 0.800781 0.361458 0.148438 0.185417
0 0.914062 0.435417 0.165625 0.158333
0 0.423438 0.116667 0.121875 0.170833
0 0.265625 0.105208 0.150000 0.122917
0 0.164844 0.161458 0.135938 0.168750
0 0.068750 0.250000 0.118750 0.237500
0 0.902344 0.038542 0.160938 0.064583
0 0.978125 0.111458 0.037500 0.043750
