1 0.529687 0.594792 0.365625 0.460417
0 0.189063 0.954167 0.081250 0.070833
0 0.160938 0.806250 0.221875 0.254167
0 0.324219 0.764583 0.217188 0.129167
0 0.382812 0.933333 0.165625 0.125000
0 0.591406 0.877083 0.189063 0.233333
0 0.823438 0.916667 0.162500 0.162500
0 0.899219 0.605208 0.198438 0.214583
0 0.876563 0.460417 0.237500 0.208333
0 0.679688 0.340625 0.162500 0.202083
0 0.465625 0.301042 0.193750 0.131250
0 0.682031 0.063542 0.207813 0.110417
0 0.839844 0.181250 0.126562 0.158333
0 0.939063 0.119792 0.084375 0.110417
0 0.138281 0.383333 0.242188 0.245833
0 0.026563 0.197917 0.043750 0.158333
0 0.073438 0.526042 0.109375 0.218750
0 0.036719 0.615625 0.057813 0.014583
0 0.229688 0.035417 0.184375 0.066667
2 0.766406 0.768750 0.073438 0.158333
