1 0.317188 0.398958 0.290625 0.364583
1 0.642188 0.347917 0.040625 0.045833
1 0.929688 0.460417 0.046875 0.083333
1 0.084375 0.807292 0.087500 0.085417
1 0.163281 0.921875 0.060938 0.097917
0 0.271875 0.617708 0.087500 0.147917
0 0.357813 0.696875 0.118750 0.193750
0 0.271094 0.820833 0.164062 0.191667
0 0.167188 0.759375 0.109375 0.181250
0 0.078906 0.712500 0.126562 0.175000
0 0.451563 0.915625 0.178125 0.160417
0 0.715625 0.776042 0.168750 0.227083
0 0.895313 0.813542 0.153125 0.168750
0 0.819531 0.586458 0.148438 0.222917
0 0.929688 0.483333 0.134375 0.137500
0 0.562500 0.569792 0.146875 0.243750
0 0.634375 0.390625 0.225000 0.172917
0 0.890625 0.200000 0.175000 0.195833
0 0.164062 0.466667 0.228125 0.208333
0 0.034375 0.412500 0.068750 0.187500
0 0.267969 0.088542 0.210938 0.160417
0 0.115625 0.061458 0.200000 0.114583
