1 0.178125 0.554167 0.309375 0.429167
2 0.279688 0.716667 0.053125 0.104167
2 0.416406 0.119792 0.073438 0.093750
1 0.037500 0.786458 0.062500 0.118750
0 0.083594 0.854167 0.132812 0.237500
0 0.200781 0.935417 0.123438 0.108333
0 0.385156 0.735417 0.120313 0.175000
0 0.416406 0.938542 0.126562 0.114583
0 0.553906 0.910417 0.129688 0.175000
0 0.692188 0.727083 0.118750 0.200000
0 0.811719 0.840625 0.110938 0.235417
0 0.721875 0.585417 0.168750 0.245833
0 0.673438 0.392708 0.159375 0.247917
0 0.789062 0.345833 0.134375 0.166667
0 0.409375 0.384375 0.175000 0.239583
0 0.271094 0.290625 0.248438 0.206250
0 0.053125 0.275000 0.093750 0.204167
0 0.232031 0.114583 0.204688 0.112500
0 0.397656 0.150000 0.220313 0.262500
0 0.563281 0.203125 0.164062 0.164583
0 0.507812 0.066667 0.165625 0.120833
0 0.662500 0.080208 0.131250 0.156250
0 0.890625 0.078125 0.190625 0.118750
0 0.869531 0.194792 0.042188 0.022917
0 0.937500 0.297917 0.118750 0.175000
0 0.950000 0.641667 0.053125 0.037500
0 0.985938 0.492708 0.018750 0.077083
0 0.975000 0.925000 0.043750 0.095833
