1 0.644531 0.231250 0.392188 0.379167
0 0.172656 0.819792 0.167188 0.218750
0 0.146094 0.667708 0.142187 0.206250
0 0.318750 0.626042 0.106250 0.177083
0 0.431250 0.642708 0.146875 0.139583
0 0.411719 0.836458 0.129688 0.243750
0 0.029688 0.852083 0.046875 0.187500
0 0.069531 0.950000 0.070312 0.062500
0 0.635938 0.782292 0.131250 0.260417
0 0.745313 0.801042 0.140625 0.152083
0 0.575781 0.936458 0.092188 0.089583
0 0.700000 0.925000 0.137500 0.120833
0 0.860938 0.790625 0.175000 0.097917
0 0.875000 0.913542 0.128125 0.168750
0 0.626563 0.568750 0.134375 0.187500
0 0.542969 0.396875 0.179688 0.197917
0 0.385938 0.297917 0.165625 0.150000
0 0.298438 0.330208 0.228125 0.172917
0 0.096875 0.353125 0.168750 0.168750
0 0.164062 0.166667 0.221875 0.212500
0 0.314844 0.097917 0.245313 0.166667
0 0.923438 0.273958 0.115625 0.231250
0 0.915625 0.425000 0.159375 0.137500
0 0.740625 0.489583 0.156250 0.158333
2 0.010156 0.535417 0.017188 0.066667
2 0.059375 0.948958 0.037500 0.077083
