1 0.380469 0.290625 0.223438 0.247917
0 0.101562 0.766667 0.134375 0.187500
0 0.054688 0.882292 0.090625 0.214583
0 0.438281 0.756250 0.145313 0.145833
0 0.489063 0.646875 0.125000 0.181250
0 0.585938 0.716667 0.115625 0.179167
0 0.695312 0.696875 0.090625 0.164583
0 0.794531 0.773958 0.151563 0.243750
0 0.861719 0.664583 0.132812 0.216667
0 0.596875 0.403125 0.196875 0.122917
0 0.505469 0.522917 0.129688 0.183333
0 0.375781 0.079167 0.182813 0.129167
0 0.493750 0.167708 0.118750 0.193750
0 0.624219 0.155208 0.160938 0.127083
0 0.700781 0.133333 0.135938 0.179167
0 0.601562 0.291667 0.090625 0.170833
0 0.698438 0.365625 0.115625 0.189583
0 0.803906 0.256250 0.135938 0.216667
0 0.901563 0.116667 0.134375 0.187500
0 0.950781 0.201042 0.095313 0.060417
0 0.896094 0.355208 0.092188 0.202083
0 0.936719 0.427083 0.010938 0.041667
0 0.953906 0.469792 0.076563 0.135417
0 0.967188 0.894792 0.059375 0.181250
