1 0.451563 0.139583 0.259375 0.233333
0 0.372656 0.825000 0.182813 0.195833
0 0.290625 0.846875 0.140625 0.172917
0 0.153906 0.928125 0.129688 0.118750
0 0.109375 0.890625 0.156250 0.181250
0 0.075781 0.684375 0.142187 0.285417
0 0.222656 0.591667 0.173438 0.179167
0 0.405469 0.560417 0.185938 0.204167
0 0.435156 0.408333 0.223438 0.191667
0 0.305469 0.319792 0.179688 0.206250
0 0.153125 0.211458 0.212500 0.268750
0 0.069531 0.361458 0.120313 0.202083
0 0.279688 0.216667 0.106250 0.129167
0 0.314063 0.062500 0.171875 0.112500
0 0.020313 0.055208 0.037500 0.110417
0 0.828125 0.100000 0.150000 0.179167
0 0.939844 0.128125 0.117188 0.152083
0 0.913281 0.271875 0.142187 0.202083
0 0.804688 0.266667 0.134375 0.220833
0 0.892188 0.744792 0.190625 0.239583
0 0.958594 0.540625 0.073438 0.127083
0 0.916406 0.877083 0.154688 0.175000
0 0.780469 0.956250 0.114063 0.083333
2 0.557813 0.968750 0.053125 0.058333
2 0.925781 0.779167 0.045313 0.062500
2 0.921875 0.962500 0.040625 0.054167
2 0.859375 0.950000 0.028125 0.054167
2 0.225781 0.894792 0.048438 0.052083
2 0.142969 0.972917 0.026563 0.041667
2 0.014844 0.943750 0.026563 0.033333
2 0.828906 0.071875 0.064063 0.052083
2 0.893750 0.082292 0.025000 0.052083
2 0.947656 0.094792 0.039062 0.035417
