1 0.589063 0.385417 0.328125 0.395833
0 0.117969 0.913542 0.135938 0.143750
0 0.075000 0.814583 0.109375 0.166667
0 0.056250 0.739583 0.100000 0.158333
0 0.236719 0.683333 0.135938 0.191667
0 0.293750 0.954167 0.143750 0.075000
0 0.378125 0.819792 0.128125 0.189583
0 0.510156 0.796875 0.132812 0.210417
0 0.392969 0.690625 0.098438 0.160417
0 0.515625 0.661458 0.093750 0.156250
0 0.635156 0.727083 0.104688 0.154167
0 0.598438 0.914583 0.090625 0.154167
0 0.727344 0.922917 0.117188 0.150000
0 0.800000 0.895833 0.062500 0.158333
0 0.376563 0.483333 0.115625 0.220833
0 0.435156 0.494792 0.101562 0.152083
0 0.667969 0.594792 0.160938 0.131250
0 0.797656 0.597917 0.145313 0.220833
0 0.835156 0.463542 0.126562 0.152083
0 0.883594 0.394792 0.120313 0.139583
0 0.944531 0.371875 0.073438 0.156250
0 0.114063 0.439583 0.112500 0.183333
0 0.062500 0.373958 0.118750 0.185417
0 0.043750 0.580208 0.075000 0.231250
0 0.092188 0.178125 0.137500 0.210417
0 0.069531 0.112500 0.101562 0.187500
0 0.333594 0.169792 0.151563 0.293750
0 0.468750 0.088542 0.118750 0.139583
0 0.671875 0.064583 0.137500 0.104167
0 0.877344 0.080208 0.164062 0.156250
2 0.225000 0.060417 0.056250 0.062500
2 0.689063 0.958333 0.021875 0.037500
2 0.767969 0.579167 0.042188 0.029167
2 0.229688 0.973958 0.065625 0.031250
