1 0.480469 0.714583 0.376563 0.362500
0 0.164062 0.898958 0.131250 0.185417
0 0.129688 0.776042 0.171875 0.260417
0 0.050000 0.825000 0.093750 0.158333
0 0.067187 0.661458 0.115625 0.214583
0 0.222656 0.435417 0.167188 0.170833
0 0.347656 0.465625 0.135938 0.177083
0 0.321875 0.579167 0.184375 0.129167
0 0.304688 0.681250 0.165625 0.112500
0 0.355469 0.935417 0.179688 0.125000
0 0.773438 0.927083 0.190625 0.141667
0 0.785156 0.778125 0.135938 0.260417
0 0.838281 0.600000 0.142187 0.075000
0 0.931250 0.793750 0.106250 0.191667
0 0.950000 0.552083 0.075000 0.100000
0 0.748438 0.516667 0.153125 0.212500
0 0.876563 0.491667 0.156250 0.112500
0 0.831250 0.419792 0.225000 0.277083
0 0.944531 0.289583 0.107813 0.158333
0 0.897656 0.208333 0.095313 0.108333
0 0.593750 0.343750 0.187500 0.183333
0 0.465625 0.365625 0.178125 0.168750
0 0.355469 0.188542 0.179688 0.085417
0 0.489844 0.313542 0.023438 0.035417
0 0.250781 0.208333 0.214063 0.145833
0 0.129688 0.228125 0.234375 0.168750
0 0.068750 0.058333 0.118750 0.100000
0 0.255469 0.069792 0.176563 0.114583
0 0.707813 0.147917 0.153125 0.216667
0 0.897656 0.045833 0.198438 0.087500
2 0.879688 0.170833 0.028125 0.087500
