1 0.865625 0.739583 0.243750 0.191667
0 0.406250 0.972917 0.093750 0.050000
0 0.489844 0.838542 0.189063 0.152083
0 0.528906 0.682292 0.139063 0.168750
0 0.676563 0.721875 0.153125 0.160417
0 0.265625 0.773958 0.159375 0.139583
0 0.156250 0.882292 0.200000 0.189583
0 0.368750 0.640625 0.196875 0.214583
0 0.153125 0.471875 0.168750 0.197917
0 0.370313 0.343750 0.153125 0.187500
0 0.431250 0.460417 0.137500 0.179167
0 0.118750 0.183333 0.156250 0.212500
0 0.377344 0.102083 0.232813 0.150000
0 0.631250 0.241667 0.190625 0.200000
0 0.714844 0.418750 0.170313 0.291667
0 0.842188 0.383333 0.156250 0.262500
0 0.898438 0.325000 0.121875 0.158333
0 0.727344 0.104167 0.195312 0.162500
0 0.958594 0.093750 0.060938 0.108333
0 0.972656 0.483333 0.048438 0.208333
0 0.899219 0.561458 0.073438 0.210417
2 0.714844 0.533333 0.057813 0.070833
2 0.142187 0.283333 0.075000 0.070833
2 0.219531 0.094792 0.064063 0.110417
