1 0.336719 0.379167 0.242188 0.320833
0 0.539844 0.639583 0.132812 0.216667
0 0.455469 0.646875 0.126562 0.143750
0 0.376563 0.746875 0.121875 0.177083
0 0.378125 0.918750 0.168750 0.150000
0 0.648438 0.885417 0.103125 0.225000
0 0.764063 0.856250 0.131250 0.237500
0 0.697656 0.769792 0.107813 0.177083
0 0.803906 0.579167 0.132812 0.195833
0 0.704688 0.525000 0.134375 0.187500
0 0.671875 0.298958 0.178125 0.239583
0 0.582031 0.279167 0.151563 0.191667
0 0.488281 0.221875 0.129688 0.147917
0 0.417969 0.088542 0.151563 0.156250
0 0.517188 0.109375 0.125000 0.143750
0 0.664062 0.097917 0.140625 0.158333
0 0.792188 0.111458 0.078125 0.143750
0 0.893750 0.144792 0.059375 0.102083
0 0.969531 0.135417 0.051563 0.075000
0 0.914062 0.062500 0.131250 0.079167
0 0.194531 0.175000 0.114063 0.195833
0 0.113281 0.151042 0.126562 0.102083
0 0.165625 0.062500 0.150000 0.104167
0 0.226562 0.571875 0.140625 0.168750
0 0.035938 0.937500 0.059375 0.112500
0 0.028906 0.448958 0.048438 0.152083
0 0.952344 0.802083 0.089063 0.175000
2 0.350781 0.938542 0.048438 0.047917
2 0.647656 0.838542 0.039062 0.060417
2 0.732031 0.866667 0.051563 0.058333
2 0.801563 0.867708 0.028125 0.035417
2 0.783594 0.607292 0.029688 0.043750
2 0.757031 0.585417 0.045313 0.075000
2 0.543750 0.622917 0.050000 0.050000
2 0.648438 0.241667 0.056250 0.054167
2 0.878125 0.163542 0.025000 0.031250
2 0.930469 0.038542 0.048438 0.056250
2 0.472656 0.117708 0.042188 0.022917
2 0.166406 0.515625 0.073438 0.035417
