1 0.439063 0.478125 0.378125 0.385417
0 0.190625 0.963542 0.093750 0.068750
0 0.067187 0.883333 0.128125 0.212500
0 0.329688 0.825000 0.184375 0.154167
0 0.354688 0.741667 0.156250 0.162500
0 0.542188 0.734375 0.165625 0.227083
0 0.665625 0.626042 0.190625 0.172917
0 0.665625 0.837500 0.143750 0.125000
0 0.682031 0.926042 0.120313 0.106250
0 0.821094 0.885417 0.114063 0.191667
0 0.868750 0.928125 0.162500 0.135417
0 0.532031 0.938542 0.135938 0.106250
0 0.429688 0.925000 0.143750 0.145833
0 0.221875 0.630208 0.150000 0.164583
0 0.160938 0.550000 0.190625 0.150000
0 0.112500 0.584375 0.200000 0.310417
0 0.070312 0.328125 0.112500 0.214583
0 0.089844 0.094792 0.148438 0.172917
0 0.221094 0.277083 0.107813 0.166667
0 0.314844 0.155208 0.176563 0.185417
0 0.321875 0.103125 0.162500 0.181250
0 0.505469 0.225000 0.142187 0.262500
0 0.560937 0.219792 0.181250 0.177083
0 0.692188 0.378125 0.153125 0.164583
0 0.732813 0.314583 0.115625 0.091667
0 0.756250 0.191667 0.137500 0.187500
0 0.921875 0.444792 0.090625 0.193750
0 0.955469 0.373958 0.085938 0.110417
0 0.956250 0.241667 0.050000 0.104167
0 0.945312 0.027083 0.103125 0.033333
0 0.591406 0.071875 0.192188 0.122917
