1 0.498438 0.614583 0.171875 0.300000
0 0.314063 0.923958 0.062500 0.093750
0 0.450781 0.875000 0.129688 0.137500
0 0.627344 0.890625 0.135938 0.077083
0 0.555469 0.946875 0.051563 0.102083
0 0.743750 0.952083 0.112500 0.091667
0 0.761719 0.550000 0.142187 0.195833
0 0.285938 0.565625 0.134375 0.160417
0 0.216406 0.536458 0.135938 0.127083
0 0.353906 0.395833 0.132812 0.195833
0 0.485156 0.385417 0.154688 0.133333
0 0.654688 0.385417 0.131250 0.154167
0 0.651563 0.243750 0.165625 0.175000
0 0.557813 0.247917 0.128125 0.158333
0 0.442188 0.277083 0.150000 0.195833
0 0.105469 0.403125 0.139063 0.193750
0 0.165625 0.613542 0.137500 0.143750
0 0.098438 0.710417 0.159375 0.141667
0 0.084375 0.838542 0.131250 0.143750
0 0.054688 0.946875 0.075000 0.102083
0 0.366406 0.127083 0.092188 0.154167
0 0.472656 0.154167 0.139063 0.154167
0 0.588281 0.098958 0.098438 0.185417
0 0.692188 0.089583 0.165625 0.125000
0 0.803125 0.079167 0.103125 0.137500
0 0.910938 0.092708 0.153125 0.139583
0 0.932031 0.229167 0.129688 0.245833
0 0.141406 0.109375 0.145313 0.181250
0 0.292187 0.102083 0.190625 0.179167
0 0.053125 0.337500 0.100000 0.312500
0 0.980469 0.553125 0.026563 0.156250
2 0.146094 0.940625 0.042188 0.064583
2 0.125781 0.847917 0.042188 0.050000
2 0.365625 0.764583 0.021875 0.025000
2 0.010156 0.635417 0.010938 0.054167
2 0.925000 0.277083 0.062500 0.091667
2 0.933594 0.036458 0.014063 0.010417
2 0.446875 0.266667 0.031250 0.045833
2 0.576562 0.244792 0.040625 0.014583
