1 0.509375 0.151042 0.350000 0.264583
0 0.389063 0.959375 0.071875 0.064583
0 0.353125 0.802083 0.137500 0.125000
0 0.281250 0.753125 0.137500 0.143750
0 0.122656 0.734375 0.132812 0.185417
0 0.085156 0.917708 0.101562 0.143750
0 0.175781 0.443750 0.151563 0.187500
0 0.309375 0.531250 0.128125 0.183333
0 0.399219 0.413542 0.154688 0.197917
0 0.282813 0.383333 0.137500 0.220833
0 0.312500 0.258333 0.118750 0.095833
0 0.219531 0.156250 0.157813 0.191667
0 0.084375 0.066667 0.150000 0.112500
0 0.072656 0.264583 0.126562 0.275000
0 0.510938 0.560417 0.121875 0.175000
0 0.599219 0.622917 0.167188 0.200000
0 0.560937 0.833333 0.140625 0.183333
0 0.760156 0.689583 0.164062 0.166667
0 0.748438 0.342708 0.146875 0.172917
0 0.704688 0.467708 0.121875 0.189583
0 0.910156 0.479167 0.139063 0.162500
0 0.929688 0.830208 0.115625 0.160417
0 0.871094 0.195833 0.164062 0.212500
0 0.752344 0.072917 0.170313 0.116667
2 0.889844 0.181250 0.042188 0.083333
