1 0.407813 0.121875 0.253125 0.214583
0 0.064063 0.152083 0.103125 0.241667
0 0.204688 0.256250 0.125000 0.158333
0 0.302344 0.403125 0.154688 0.222917
0 0.130469 0.426042 0.151563 0.281250
0 0.490625 0.444792 0.162500 0.235417
0 0.467969 0.645833 0.173438 0.187500
0 0.612500 0.589583 0.125000 0.200000
0 0.682813 0.686458 0.100000 0.110417
0 0.847656 0.608333 0.170313 0.179167
0 0.776563 0.667708 0.118750 0.172917
0 0.798438 0.885417 0.134375 0.225000
0 0.680469 0.804167 0.060938 0.137500
0 0.610156 0.745833 0.120313 0.195833
0 0.544531 0.815625 0.101562 0.164583
0 0.467969 0.912500 0.123438 0.170833
0 0.421875 0.916667 0.150000 0.145833
0 0.346875 0.905208 0.112500 0.164583
0 0.121094 0.930208 0.126562 0.122917
0 0.059375 0.915625 0.096875 0.156250
0 0.035938 0.767708 0.071875 0.227083
0 0.649219 0.954167 0.139063 0.087500
0 0.599219 0.896875 0.079688 0.143750
0 0.797656 0.066667 0.114063 0.112500
0 0.935938 0.077083 0.115625 0.133333
0 0.226562 0.106250 0.134375 0.200000
2 0.756250 0.867708 0.040625 0.106250
2 0.851562 0.958333 0.040625 0.054167
2 0.124219 0.438542 0.029688 0.085417
2 0.253906 0.352083 0.035938 0.054167
2 0.950781 0.078125 0.064063 0.106250
1 0.494531 0.534375 0.114063 0.097917
