1 0.426563 0.209375 0.346875 0.377083
0 0.238281 0.747917 0.182813 0.175000
0 0.366406 0.539583 0.154688 0.241667
0 0.110938 0.516667 0.134375 0.195833
0 0.039062 0.281250 0.065625 0.250000
0 0.106250 0.071875 0.181250 0.131250
0 0.014063 0.631250 0.021875 0.125000
0 0.067969 0.913542 0.098438 0.168750
0 0.213281 0.948958 0.067187 0.077083
0 0.366406 0.931250 0.101562 0.108333
0 0.525000 0.805208 0.125000 0.231250
0 0.681250 0.795833 0.118750 0.212500
0 0.662500 0.630208 0.150000 0.185417
0 0.650000 0.339583 0.128125 0.208333
0 0.637500 0.079167 0.137500 0.158333
0 0.788281 0.114583 0.132812 0.204167
0 0.886719 0.333333 0.092188 0.162500
0 0.978906 0.120833 0.039062 0.041667
0 0.962500 0.595833 0.071875 0.195833
0 0.963281 0.877083 0.042188 0.225000
2 0.689063 0.856250 0.028125 0.050000
2 0.658594 0.112500 0.042188 0.029167
