1 0.353906 0.313542 0.235938 0.310417
0 0.057031 0.765625 0.107813 0.277083
0 0.093750 0.421875 0.143750 0.177083
0 0.060938 0.904167 0.121875 0.183333
0 0.467969 0.531250 0.120313 0.195833
0 0.421094 0.029167 0.110938 0.050000
0 0.703125 0.162500 0.137500 0.179167
0 0.751563 0.081250 0.143750 0.120833
0 0.963281 0.270833 0.070312 0.145833
0 0.970313 0.118750 0.053125 0.154167
0 0.846875 0.397917 0.131250 0.204167
0 0.722656 0.435417 0.164062 0.158333
0 0.546875 0.271875 0.168750 0.143750
0 0.558594 0.413542 0.145313 0.189583
0 0.765625 0.811458 0.156250 0.197917
0 0.658594 0.883333 0.135938 0.154167
0 0.850000 0.923958 0.134375 0.147917
0 0.945312 0.826042 0.103125 0.177083
0 0.929688 0.688542 0.084375 0.260417
0 0.982031 0.529167 0.032813 0.050000
0 0.943750 0.931250 0.081250 0.125000
2 0.513281 0.552083 0.054688 0.066667
2 0.767188 0.568750 0.050000 0.037500
2 0.884375 0.359375 0.025000 0.039583
2 0.967188 0.348958 0.046875 0.064583
2 0.655469 0.852083 0.029688 0.050000
2 0.913281 0.913542 0.045313 0.056250
2 0.875781 0.866667 0.035938 0.054167
2 0.977344 0.677083 0.029688 0.037500
2 0.949219 0.972917 0.026563 0.033333
2 0.697656 0.170833 0.045313 0.104167
2 0.782813 0.033333 0.021875 0.041667
