1 0.306250 0.428125 0.196875 0.185417
1 0.418750 0.813542 0.081250 0.185417
1 0.585156 0.887500 0.210938 0.179167
1 0.203125 0.570833 0.093750 0.120833
0 0.157031 0.852083 0.139063 0.195833
0 0.227344 0.767708 0.132812 0.193750
0 0.317969 0.885417 0.126562 0.166667
0 0.178125 0.550000 0.168750 0.275000
0 0.062500 0.628125 0.106250 0.252083
0 0.355469 0.588542 0.145313 0.118750
0 0.442188 0.680208 0.146875 0.172917
0 0.525000 0.556250 0.131250 0.175000
0 0.615625 0.434375 0.128125 0.193750
0 0.725000 0.569792 0.143750 0.177083
0 0.165625 0.253125 0.153125 0.185417
0 0.064844 0.254167 0.120313 0.204167
0 0.152344 0.088542 0.195312 0.156250
0 0.575000 0.064583 0.137500 0.125000
0 0.686719 0.065625 0.126562 0.093750
0 0.812500 0.105208 0.143750 0.177083
0 0.910938 0.231250 0.125000 0.233333
0 0.892188 0.562500 0.134375 0.283333
0 0.909375 0.915625 0.162500 0.164583
