1 0.305469 0.415625 0.270313 0.310417
0 0.411719 0.918750 0.145313 0.154167
0 0.472656 0.787500 0.117188 0.195833
0 0.594531 0.731250 0.110938 0.141667
0 0.664844 0.840625 0.117188 0.181250
0 0.792969 0.694792 0.129688 0.185417
0 0.591406 0.587500 0.139063 0.170833
0 0.103125 0.548958 0.131250 0.243750
0 0.069531 0.627083 0.098438 0.141667
0 0.245313 0.704167 0.134375 0.187500
0 0.060938 0.784375 0.109375 0.185417
0 0.156250 0.832292 0.131250 0.135417
0 0.071094 0.925000 0.107813 0.145833
0 0.114063 0.368750 0.121875 0.191667
0 0.171875 0.241667 0.125000 0.141667
0 0.224219 0.157292 0.123438 0.185417
0 0.113281 0.182292 0.167188 0.218750
0 0.060156 0.295833 0.079688 0.187500
0 0.193750 0.067708 0.206250 0.081250
0 0.607813 0.183333 0.128125 0.187500
0 0.717188 0.206250 0.134375 0.150000
0 0.633594 0.316667 0.148438 0.154167
0 0.823438 0.380208 0.121875 0.231250
0 0.953125 0.291667 0.081250 0.204167
0 0.949219 0.439583 0.098438 0.208333
2 0.893750 0.972917 0.025000 0.050000
2 0.057813 0.826042 0.046875 0.056250
