1 0.443750 0.390625 0.418750 0.268750
1 0.225000 0.934375 0.234375 0.085417
0 0.456250 0.828125 0.209375 0.252083
0 0.167188 0.633333 0.153125 0.104167
0 0.149219 0.563542 0.095313 0.143750
0 0.214063 0.527083 0.103125 0.183333
0 0.053906 0.826042 0.107813 0.231250
0 0.607813 0.881250 0.150000 0.166667
0 0.806250 0.866667 0.156250 0.220833
0 0.715625 0.958333 0.112500 0.054167
0 0.933594 0.970833 0.104688 0.050000
0 0.953125 0.802083 0.075000 0.079167
0 0.916406 0.682292 0.164062 0.210417
0 0.687500 0.515625 0.143750 0.147917
0 0.820312 0.479167 0.187500 0.187500
0 0.671875 0.618750 0.143750 0.158333
0 0.082031 0.395833 0.151563 0.175000
0 0.152344 0.242708 0.223438 0.181250
0 0.128906 0.060417 0.176563 0.075000
0 0.364063 0.175000 0.234375 0.170833
0 0.292187 0.084375 0.146875 0.139583
0 0.462500 0.100000 0.175000 0.187500
0 0.531250 0.181250 0.100000 0.162500
0 0.669531 0.322917 0.142187 0.191667
0 0.732813 0.208333 0.146875 0.262500
0 0.850000 0.116667 0.162500 0.179167
0 0.870313 0.290625 0.137500 0.289583
0 0.627344 0.087500 0.189063 0.154167
2 0.653125 0.819792 0.068750 0.043750
