1 0.449219 0.704167 0.329688 0.279167
1 0.836719 0.938542 0.070312 0.085417
2 0.832031 0.953125 0.051563 0.085417
2 0.403906 0.439583 0.057813 0.054167
2 0.082031 0.088542 0.048438 0.035417
2 0.246094 0.372917 0.107813 0.083333
2 0.185156 0.507292 0.045313 0.035417
0 0.095313 0.932292 0.090625 0.118750
0 0.291406 0.945833 0.167188 0.095833
0 0.514844 0.936458 0.226562 0.114583
0 0.637500 0.828125 0.109375 0.197917
0 0.701563 0.895833 0.071875 0.179167
0 0.920313 0.963542 0.121875 0.047917
0 0.934375 0.745833 0.125000 0.204167
0 0.879688 0.680208 0.090625 0.160417
0 0.255469 0.714583 0.142187 0.258333
0 0.117969 0.760417 0.145313 0.125000
0 0.128906 0.605208 0.164062 0.160417
0 0.200000 0.496875 0.175000 0.139583
0 0.046875 0.620833 0.078125 0.204167
0 0.101562 0.277083 0.184375 0.183333
0 0.073438 0.117708 0.121875 0.156250
0 0.268750 0.179167 0.150000 0.170833
0 0.271875 0.325000 0.200000 0.154167
0 0.613281 0.314583 0.173438 0.212500
0 0.737500 0.434375 0.125000 0.235417
0 0.813281 0.285417 0.139063 0.237500
0 0.693750 0.150000 0.156250 0.187500
0 0.470313 0.064583 0.209375 0.129167
0 0.277344 0.054167 0.192188 0.104167
0 0.799219 0.025000 0.148438 0.041667
