1 0.517969 0.291667 0.329688 0.412500
2 0.620313 0.850000 0.162500 0.229167
2 0.755469 0.966667 0.107813 0.016667
2 0.578906 0.471875 0.098438 0.064583
0 0.434375 0.889583 0.106250 0.120833
0 0.446875 0.923958 0.193750 0.143750
0 0.297656 0.811458 0.176563 0.218750
0 0.104688 0.847917 0.168750 0.191667
0 0.122656 0.648958 0.145313 0.231250
0 0.427344 0.692708 0.173438 0.239583
0 0.280469 0.460417 0.151563 0.208333
0 0.288281 0.288542 0.135938 0.206250
0 0.088281 0.338542 0.139063 0.235417
0 0.377344 0.258333 0.092188 0.195833
0 0.305469 0.111458 0.139063 0.181250
0 0.125000 0.085417 0.200000 0.108333
0 0.082031 0.025000 0.145313 0.020833
0 0.839844 0.415625 0.204688 0.227083
0 0.705469 0.647917 0.192188 0.133333
0 0.760938 0.784375 0.168750 0.164583
0 0.610938 0.795833 0.034375 0.100000
0 0.644531 0.858333 0.051563 0.129167
0 0.850781 0.625000 0.170313 0.170833
0 0.951563 0.821875 0.090625 0.235417
0 0.978906 0.564583 0.032813 0.075000
0 0.977344 0.414583 0.029688 0.125000
