1 0.110938 0.388542 0.196875 0.439583
1 0.187500 0.686458 0.118750 0.202083
0 0.201563 0.692708 0.140625 0.227083
0 0.332813 0.615625 0.184375 0.160417
0 0.301563 0.830208 0.109375 0.118750
0 0.201563 0.973958 0.071875 0.043750
0 0.362500 0.934375 0.050000 0.114583
0 0.606250 0.652083 0.125000 0.137500
0 0.670313 0.831250 0.128125 0.166667
0 0.670313 0.369792 0.171875 0.147917
0 0.830469 0.243750 0.089063 0.141667
0 0.646875 0.100000 0.162500 0.170833
0 0.714844 0.183333 0.104688 0.187500
0 0.339844 0.258333 0.229688 0.191667
0 0.210938 0.131250 0.171875 0.133333
0 0.075781 0.082292 0.126562 0.143750
0 0.028906 0.037500 0.035938 0.058333
0 0.249219 0.018750 0.145313 0.016667
0 0.407813 0.081250 0.153125 0.137500
0 0.796094 0.620833 0.179688 0.145833
0 0.924219 0.784375 0.114063 0.189583
0 0.845313 0.951042 0.053125 0.043750
0 0.965625 0.911458 0.062500 0.089583
0 0.924219 0.480208 0.101562 0.256250
0 0.956250 0.157292 0.075000 0.081250
2 0.314063 0.483333 0.043750 0.066667
