1 0.544531 0.166667 0.435938 0.316667
0 0.163281 0.904167 0.173438 0.187500
0 0.068750 0.828125 0.118750 0.181250
0 0.220313 0.627083 0.153125 0.175000
0 0.362500 0.726042 0.150000 0.143750
0 0.496875 0.727083 0.143750 0.141667
0 0.756250 0.753125 0.093750 0.202083
0 0.935938 0.663542 0.112500 0.197917
0 0.908594 0.862500 0.114063 0.125000
0 0.741406 0.946875 0.154688 0.102083
0 0.615625 0.512500 0.175000 0.166667
0 0.498438 0.469792 0.171875 0.197917
0 0.407813 0.475000 0.131250 0.158333
0 0.271094 0.359375 0.154688 0.222917
0 0.100000 0.327083 0.137500 0.116667
0 0.171875 0.123958 0.175000 0.156250
0 0.257031 0.118750 0.107813 0.116667
0 0.025000 0.181250 0.040625 0.183333
0 0.739844 0.427083 0.148438 0.141667
0 0.839844 0.495833 0.110938 0.116667
0 0.828125 0.235417 0.156250 0.183333
0 0.904688 0.271875 0.121875 0.122917
0 0.919531 0.160417 0.126562 0.150000
0 0.972656 0.218750 0.039062 0.058333
0 0.940625 0.402083 0.103125 0.087500
2 0.635938 0.927083 0.059375 0.066667
2 0.959375 0.440625 0.031250 0.027083
2 0.931250 0.372917 0.028125 0.050000
2 0.946875 0.689583 0.018750 0.058333
2 0.119531 0.035417 0.067187 0.062500
