1 0.139063 0.105208 0.218750 0.181250
0 0.070312 0.870833 0.109375 0.237500
0 0.108594 0.758333 0.129688 0.187500
0 0.056250 0.613542 0.100000 0.189583
0 0.122656 0.510417 0.123438 0.175000
0 0.039062 0.389583 0.059375 0.287500
0 0.253906 0.585417 0.142187 0.183333
0 0.351562 0.683333 0.100000 0.237500
0 0.442188 0.731250 0.140625 0.141667
0 0.396875 0.898958 0.140625 0.168750
0 0.549219 0.904167 0.135938 0.150000
0 0.659375 0.718750 0.112500 0.233333
0 0.814063 0.552083 0.131250 0.200000
0 0.953125 0.622917 0.065625 0.083333
0 0.953125 0.656250 0.081250 0.216667
0 0.482813 0.341667 0.146875 0.141667
0 0.383594 0.276042 0.135938 0.147917
0 0.423438 0.461458 0.178125 0.202083
0 0.671875 0.138542 0.143750 0.214583
0 0.793750 0.158333 0.118750 0.150000
0 0.819531 0.060417 0.110938 0.116667
0 0.944531 0.091667 0.095313 0.145833
0 0.966406 0.215625 0.064063 0.164583
2 0.253125 0.568750 0.062500 0.083333
2 0.089063 0.827083 0.021875 0.037500
2 0.121094 0.857292 0.026563 0.022917
2 0.085938 0.741667 0.021875 0.037500
2 0.037500 0.860417 0.025000 0.041667
2 0.086719 0.925000 0.035938 0.029167
2 0.418750 0.919792 0.056250 0.072917
2 0.512500 0.937500 0.043750 0.037500
2 0.789844 0.640625 0.035938 0.039583
2 0.832031 0.493750 0.010938 0.025000
2 0.966406 0.600000 0.029688 0.037500
2 0.382031 0.288542 0.029688 0.031250
2 0.481250 0.328125 0.037500 0.035417
2 0.317188 0.436458 0.018750 0.068750
2 0.390625 0.402083 0.046875 0.058333
2 0.942188 0.076042 0.025000 0.056250
