1 0.187500 0.637500 0.181250 0.312500
0 0.210156 0.895833 0.157813 0.204167
0 0.385156 0.918750 0.145313 0.158333
0 0.564063 0.940625 0.096875 0.093750
0 0.975781 0.804167 0.042188 0.070833
0 0.471875 0.706250 0.125000 0.225000
0 0.388281 0.478125 0.185938 0.260417
0 0.350000 0.221875 0.178125 0.256250
0 0.510938 0.221875 0.106250 0.222917
0 0.693750 0.176042 0.175000 0.231250
0 0.666406 0.062500 0.132812 0.112500
0 0.162500 0.122917 0.184375 0.166667
0 0.098438 0.393750 0.168750 0.200000
0 0.054688 0.638542 0.096875 0.231250
0 0.070312 0.819792 0.106250 0.214583
2 0.734375 0.967708 0.050000 0.039583
