1 0.074219 0.578125 0.135938 0.335417
0 0.144531 0.447917 0.117188 0.179167
0 0.274219 0.501042 0.167188 0.214583
0 0.348438 0.626042 0.159375 0.218750
0 0.450781 0.711458 0.098438 0.189583
0 0.571094 0.695833 0.157813 0.262500
0 0.676563 0.663542 0.121875 0.243750
0 0.702344 0.410417 0.157813 0.200000
0 0.473438 0.194792 0.196875 0.260417
0 0.654688 0.055208 0.121875 0.077083
0 0.809375 0.080208 0.150000 0.089583
0 0.930469 0.101042 0.132812 0.185417
0 0.846094 0.569792 0.170313 0.256250
0 0.400781 0.893750 0.135938 0.166667
0 0.109375 0.906250 0.112500 0.125000
0 0.232813 0.942708 0.140625 0.110417
0 0.517969 0.843750 0.114063 0.145833
0 0.755469 0.847917 0.132812 0.183333
0 0.695312 0.942708 0.115625 0.102083
0 0.786719 0.755208 0.139063 0.156250
0 0.886719 0.832292 0.126562 0.193750
0 0.864844 0.934375 0.167188 0.114583
0 0.972656 0.696875 0.048438 0.147917
1 0.633594 0.209375 0.051563 0.081250
1 0.589844 0.289583 0.048438 0.100000
2 0.739063 0.906250 0.021875 0.033333
2 0.790625 0.898958 0.018750 0.027083
2 0.291406 0.978125 0.048438 0.039583
2 0.460938 0.178125 0.025000 0.060417
2 0.976562 0.118750 0.025000 0.083333
