1 0.330469 0.231250 0.423438 0.450000
0 0.122656 0.927083 0.070312 0.108333
0 0.055469 0.883333 0.110938 0.195833
0 0.300781 0.813542 0.192188 0.164583
0 0.319531 0.916667 0.092188 0.162500
0 0.384375 0.671875 0.106250 0.210417
0 0.484375 0.826042 0.131250 0.197917
0 0.600000 0.920833 0.065625 0.070833
0 0.740625 0.894792 0.131250 0.206250
0 0.711719 0.664583 0.095313 0.191667
0 0.747656 0.589583 0.067187 0.200000
0 0.617188 0.603125 0.165625 0.235417
0 0.523438 0.595833 0.196875 0.187500
0 0.474219 0.494792 0.132812 0.139583
0 0.688281 0.487500 0.214063 0.270833
0 0.596094 0.297917 0.173438 0.258333
0 0.676563 0.270833 0.137500 0.300000
0 0.812500 0.311458 0.187500 0.247917
0 0.964844 0.707292 0.057813 0.268750
0 0.934375 0.219792 0.118750 0.185417
0 0.955469 0.391667 0.079688 0.204167
0 0.898438 0.101042 0.184375 0.143750
0 0.793750 0.084375 0.175000 0.131250
0 0.725000 0.120833 0.168750 0.158333
0 0.562500 0.046875 0.165625 0.068750
0 0.060156 0.217708 0.101562 0.172917
0 0.050000 0.422917 0.100000 0.133333
0 0.031250 0.583333 0.062500 0.175000
0 0.125000 0.637500 0.137500 0.112500
0 0.195312 0.588542 0.140625 0.114583
0 0.224219 0.497917 0.176563 0.200000
0 0.157813 0.398958 0.143750 0.147917
2 0.582813 0.248958 0.059375 0.102083
