1 0.100781 0.565625 0.176563 0.339583
2 0.577344 0.268750 0.095313 0.108333
2 0.196875 0.241667 0.046875 0.050000
2 0.230469 0.293750 0.007812 0.016667
0 0.062500 0.903125 0.109375 0.181250
0 0.268750 0.955208 0.156250 0.077083
0 0.362500 0.906250 0.115625 0.175000
0 0.467188 0.950000 0.128125 0.079167
0 0.260937 0.814583 0.153125 0.166667
0 0.464063 0.837500 0.121875 0.170833
0 0.408594 0.672917 0.129688 0.233333
0 0.323438 0.643750 0.125000 0.166667
0 0.651563 0.921875 0.140625 0.135417
0 0.678125 0.825000 0.137500 0.154167
0 0.763281 0.754167 0.142187 0.204167
0 0.905469 0.864583 0.179688 0.175000
0 0.960938 0.734375 0.071875 0.085417
0 0.878125 0.580208 0.190625 0.264583
0 0.944531 0.536458 0.082813 0.068750
0 0.552344 0.426042 0.176563 0.206250
0 0.692188 0.330208 0.159375 0.247917
0 0.796875 0.241667 0.187500 0.212500
0 0.921875 0.280208 0.143750 0.160417
0 0.220313 0.432292 0.190625 0.231250
0 0.346094 0.288542 0.101562 0.110417
0 0.173438 0.147917 0.228125 0.162500
0 0.075000 0.238542 0.150000 0.164583
0 0.052344 0.050000 0.092188 0.091667
0 0.330469 0.065625 0.148438 0.114583
0 0.460938 0.100000 0.150000 0.129167
0 0.650781 0.080208 0.145313 0.127083
0 0.867969 0.083333 0.142187 0.120833
