1 0.284375 0.627083 0.425000 0.670833
2 0.911719 0.814583 0.060938 0.083333
0 0.113281 0.912500 0.151563 0.170833
0 0.046094 0.805208 0.085938 0.127083
0 0.321875 0.784375 0.121875 0.122917
0 0.443750 0.751042 0.131250 0.135417
0 0.305469 0.927083 0.092188 0.141667
0 0.440625 0.941667 0.100000 0.095833
0 0.617969 0.829167 0.151563 0.116667
0 0.679688 0.708333 0.115625 0.208333
0 0.779688 0.621875 0.118750 0.202083
0 0.935938 0.668750 0.121875 0.175000
0 0.849219 0.827083 0.107813 0.208333
0 0.943750 0.858333 0.106250 0.195833
0 0.655469 0.463542 0.132812 0.197917
0 0.564063 0.279167 0.140625 0.208333
0 0.752344 0.293750 0.204688 0.208333
0 0.931250 0.275000 0.125000 0.212500
0 0.845313 0.440625 0.159375 0.106250
0 0.367969 0.222917 0.198438 0.175000
0 0.212500 0.096875 0.212500 0.177083
0 0.139844 0.185417 0.185938 0.166667
0 0.139844 0.302083 0.232813 0.208333
0 0.448438 0.058333 0.190625 0.095833
0 0.428125 0.125000 0.175000 0.120833
0 0.630469 0.080208 0.157813 0.135417
0 0.785156 0.102083 0.154688 0.166667
