1 0.278125 0.864583 0.281250 0.266667
1 0.421094 0.260417 0.239063 0.275000
0 0.110938 0.762500 0.159375 0.204167
0 0.075000 0.581250 0.112500 0.116667
0 0.095313 0.410417 0.125000 0.183333
0 0.178125 0.353125 0.187500 0.231250
0 0.207031 0.247917 0.098438 0.137500
0 0.232031 0.198958 0.095313 0.114583
0 0.131250 0.165625 0.193750 0.210417
0 0.573438 0.080208 0.103125 0.131250
0 0.660938 0.077083 0.143750 0.150000
0 0.718750 0.178125 0.100000 0.152083
0 0.863281 0.145833 0.170313 0.150000
0 0.859375 0.079167 0.131250 0.137500
0 0.972656 0.062500 0.048438 0.112500
0 0.947656 0.355208 0.101562 0.293750
0 0.789062 0.332292 0.140625 0.135417
0 0.678906 0.362500 0.154688 0.170833
0 0.607813 0.483333 0.134375 0.200000
0 0.386719 0.546875 0.151563 0.168750
0 0.586719 0.746875 0.114063 0.160417
0 0.663281 0.678125 0.114063 0.247917
0 0.817969 0.560417 0.076563 0.058333
0 0.858594 0.591667 0.020313 0.037500
0 0.886719 0.670833 0.064063 0.137500
0 0.850781 0.897917 0.110938 0.179167
0 0.676563 0.950000 0.096875 0.095833
0 0.967188 0.822917 0.053125 0.058333
0 0.968750 0.967708 0.025000 0.060417
0 0.828125 0.639583 0.112500 0.241667
0 0.916406 0.685417 0.151563 0.133333
0 0.944531 0.596875 0.079688 0.093750
0 0.874219 0.877083 0.151563 0.200000
0 0.682813 0.929167 0.143750 0.112500
2 0.591406 0.782292 0.064063 0.085417
2 0.480469 0.585417 0.067187 0.066667
2 0.121094 0.064583 0.082813 0.050000
