0 0.160938 0.928125 0.103125 0.127083
0 0.074219 0.918750 0.123438 0.100000
0 0.359375 0.904167 0.143750 0.187500
0 0.312500 0.933333 0.087500 0.129167
0 0.438281 0.716667 0.095313 0.204167
0 0.512500 0.661458 0.103125 0.118750
0 0.597656 0.871875 0.132812 0.202083
0 0.878906 0.921875 0.179688 0.152083
0 0.960938 0.775000 0.071875 0.054167
0 0.932031 0.664583 0.107813 0.275000
0 0.425000 0.519792 0.143750 0.185417
0 0.094531 0.472917 0.104688 0.150000
0 0.241406 0.451042 0.154688 0.177083
0 0.390625 0.322917 0.146875 0.216667
0 0.170313 0.246875 0.165625 0.235417
0 0.032813 0.171875 0.056250 0.243750
0 0.134375 0.093750 0.146875 0.170833
0 0.279688 0.092708 0.156250 0.168750
0 0.689844 0.173958 0.104688 0.210417
0 0.592969 0.348958 0.151563 0.139583
0 0.520313 0.429167 0.131250 0.129167
0 0.632812 0.512500 0.162500 0.170833
0 0.766406 0.406250 0.123438 0.191667
0 0.967969 0.327083 0.060938 0.187500
0 0.850000 0.253125 0.131250 0.218750
0 0.817188 0.097917 0.187500 0.183333
0 0.585156 0.063542 0.189063 0.127083
1 0.678906 0.773958 0.182813 0.268750
1 0.882031 0.952083 0.051563 0.075000
2 0.932813 0.607292 0.037500 0.102083
2 0.582031 0.319792 0.051563 0.047917
2 0.653906 0.187500 0.039062 0.066667
2 0.846094 0.147917 0.051563 0.062500
2 0.881250 0.089583 0.031250 0.041667
2 0.801563 0.035417 0.081250 0.070833
2 0.144531 0.260417 0.051563 0.062500
2 0.217969 0.251042 0.042188 0.022917
2 0.189844 0.089583 0.057813 0.054167
2 0.192969 0.163542 0.035938 0.047917
2 0.100781 0.426042 0.045313 0.047917
2 0.098438 0.482292 0.040625 0.039583
2 0.216406 0.481250 0.064063 0.033333
2 0.329688 0.257292 0.034375 0.031250
2 0.348438 0.845833 0.046875 0.054167
2 0.307031 0.920833 0.045313 0.029167
