1 0.531250 0.803125 0.428125 0.389583
0 0.220313 0.895833 0.137500 0.187500
0 0.282813 0.751042 0.181250 0.247917
0 0.742969 0.753125 0.151563 0.139583
0 0.912500 0.683333 0.093750 0.237500
0 0.880469 0.900000 0.157813 0.195833
0 0.726562 0.929167 0.115625 0.137500
0 0.314844 0.965625 0.104688 0.056250
0 0.104688 0.904167 0.153125 0.187500
0 0.115625 0.727083 0.175000 0.191667
0 0.032813 0.718750 0.043750 0.191667
0 0.157813 0.578125 0.121875 0.177083
0 0.058594 0.491667 0.101562 0.187500
0 0.346875 0.355208 0.093750 0.156250
0 0.471094 0.342708 0.179688 0.243750
0 0.703125 0.495833 0.146875 0.345833
0 0.824219 0.297917 0.114063 0.325000
0 0.899219 0.309375 0.092188 0.314583
0 0.969531 0.260417 0.048438 0.400000
0 0.960156 0.145833 0.054688 0.137500
0 0.767969 0.041667 0.085938 0.054167
0 0.842188 0.061458 0.087500 0.060417
0 0.920313 0.093750 0.090625 0.145833
0 0.560156 0.175000 0.164062 0.191667
0 0.329688 0.204167 0.237500 0.195833
0 0.439063 0.158333 0.175000 0.254167
0 0.512500 0.082292 0.181250 0.147917
0 0.217969 0.219792 0.235938 0.202083
0 0.121094 0.136458 0.126562 0.106250
0 0.146094 0.066667 0.160938 0.104167
2 0.817969 0.728125 0.045313 0.060417
2 0.224219 0.719792 0.085938 0.089583
