1 0.478906 0.279167 0.295313 0.387500
0 0.167188 0.775000 0.106250 0.154167
0 0.232031 0.580208 0.207813 0.189583
0 0.161719 0.835417 0.154688 0.183333
0 0.309375 0.812500 0.143750 0.220833
0 0.209375 0.375000 0.115625 0.162500
0 0.310938 0.437500 0.109375 0.170833
0 0.045313 0.311458 0.090625 0.239583
0 0.058594 0.531250 0.107813 0.266667
0 0.049219 0.076042 0.079688 0.139583
0 0.141406 0.062500 0.135938 0.112500
0 0.268750 0.065625 0.131250 0.127083
0 0.368750 0.050000 0.109375 0.095833
0 0.485938 0.028125 0.103125 0.052083
0 0.642969 0.054167 0.129688 0.083333
0 0.916406 0.044792 0.157813 0.064583
0 0.821094 0.439583 0.176563 0.208333
0 0.714844 0.513542 0.126562 0.172917
0 0.715625 0.679167 0.193750 0.245833
0 0.488281 0.843750 0.157813 0.216667
0 0.575000 0.731250 0.131250 0.191667
0 0.616406 0.893750 0.089063 0.200000
0 0.700000 0.938542 0.106250 0.102083
0 0.853125 0.672917 0.121875 0.200000
0 0.963281 0.702083 0.067187 0.175000
0 0.783594 0.906250 0.104688 0.183333
0 0.923438 0.856250 0.146875 0.029167
2 0.568750 0.708333 0.043750 0.054167
2 0.557031 0.983333 0.054688 0.025000
