1 0.414844 0.834375 0.314063 0.327083
0 0.254688 0.938542 0.115625 0.064583
0 0.081250 0.911458 0.112500 0.160417
0 0.198438 0.788542 0.159375 0.210417
0 0.167969 0.564583 0.189063 0.166667
0 0.356250 0.556250 0.137500 0.216667
0 0.464844 0.389583 0.195312 0.204167
0 0.507031 0.595833 0.123438 0.187500
0 0.635938 0.594792 0.109375 0.164583
0 0.640625 0.909375 0.143750 0.172917
0 0.949219 0.865625 0.092188 0.239583
0 0.981250 0.602083 0.031250 0.091667
0 0.950781 0.448958 0.092188 0.210417
0 0.898438 0.202083 0.106250 0.258333
0 0.659375 0.288542 0.146875 0.193750
0 0.281250 0.036458 0.150000 0.056250
