1 0.457813 0.127083 0.384375 0.204167
0 0.171094 0.907292 0.185938 0.177083
0 0.277344 0.964583 0.064063 0.066667
0 0.416406 0.900000 0.139063 0.187500
0 0.333594 0.850000 0.129688 0.183333
0 0.386719 0.713542 0.139063 0.177083
0 0.566406 0.776042 0.123438 0.089583
0 0.578125 0.712500 0.071875 0.079167
0 0.724219 0.686458 0.117188 0.264583
0 0.826563 0.728125 0.159375 0.227083
0 0.907031 0.714583 0.139063 0.183333
0 0.943750 0.644792 0.100000 0.172917
0 0.892969 0.455208 0.089063 0.122917
0 0.937500 0.533333 0.096875 0.216667
0 0.476562 0.547917 0.128125 0.141667
0 0.531250 0.483333 0.112500 0.137500
0 0.679688 0.378125 0.118750 0.143750
0 0.773438 0.400000 0.090625 0.141667
0 0.335938 0.480208 0.137500 0.164583
0 0.350781 0.404167 0.132812 0.129167
0 0.387500 0.331250 0.121875 0.154167
0 0.457813 0.321875 0.103125 0.168750
0 0.142969 0.547917 0.126562 0.204167
0 0.025781 0.608333 0.051563 0.204167
0 0.012500 0.829167 0.018750 0.133333
0 0.144531 0.264583 0.132812 0.133333
0 0.267188 0.192708 0.096875 0.152083
0 0.109375 0.030208 0.096875 0.039583
0 0.226562 0.038542 0.081250 0.077083
0 0.671875 0.175000 0.131250 0.162500
0 0.747656 0.195833 0.098438 0.116667
0 0.706250 0.079167 0.140625 0.129167
0 0.919531 0.202083 0.154688 0.125000
0 0.928906 0.098958 0.135938 0.118750
2 0.765625 0.881250 0.031250 0.070833
