1 0.546094 0.625000 0.279688 0.312500
1 0.967969 0.056250 0.060938 0.083333
0 0.471875 0.889583 0.090625 0.166667
0 0.553125 0.869792 0.118750 0.102083
0 0.167188 0.920833 0.121875 0.145833
0 0.046875 0.903125 0.078125 0.189583
0 0.024219 0.642708 0.048438 0.172917
0 0.166406 0.444792 0.151563 0.160417
0 0.306250 0.293750 0.093750 0.208333
0 0.385156 0.382292 0.104688 0.185417
0 0.495313 0.354167 0.103125 0.195833
0 0.481250 0.135417 0.146875 0.191667
0 0.213281 0.093750 0.132812 0.158333
0 0.185156 0.285417 0.132812 0.141667
0 0.081250 0.171875 0.125000 0.206250
0 0.758594 0.167708 0.157813 0.156250
0 0.849219 0.303125 0.160938 0.164583
0 0.790625 0.464583 0.118750 0.183333
0 0.621094 0.368750 0.126562 0.187500
0 0.760156 0.584375 0.079688 0.193750
0 0.836719 0.664583 0.107813 0.137500
0 0.894531 0.758333 0.170313 0.145833
0 0.817188 0.767708 0.103125 0.135417
0 0.798438 0.860417 0.146875 0.158333
0 0.274219 0.932292 0.114063 0.106250
0 0.367188 0.956250 0.134375 0.079167
2 0.826563 0.608333 0.040625 0.045833
