1 0.507031 0.194792 0.254688 0.331250
0 0.339063 0.837500 0.146875 0.250000
0 0.375000 0.958333 0.062500 0.070833
0 0.400000 0.619792 0.131250 0.210417
0 0.512500 0.630208 0.156250 0.177083
0 0.651563 0.546875 0.115625 0.210417
0 0.782813 0.582292 0.181250 0.231250
0 0.701563 0.750000 0.178125 0.220833
0 0.799219 0.764583 0.101562 0.166667
0 0.916406 0.826042 0.154688 0.147917
0 0.227344 0.440625 0.157813 0.193750
0 0.288281 0.311458 0.135938 0.131250
0 0.301563 0.180208 0.171875 0.277083
0 0.059375 0.396875 0.106250 0.202083
0 0.106250 0.551042 0.118750 0.193750
0 0.021875 0.694792 0.043750 0.164583
0 0.743750 0.100000 0.181250 0.175000
0 0.865625 0.152083 0.118750 0.183333
0 0.957031 0.158333 0.079688 0.212500
0 0.982813 0.662500 0.028125 0.158333
2 0.720313 0.077083 0.043750 0.087500
