1 0.378125 0.677083 0.300000 0.333333
0 0.221875 0.927083 0.106250 0.133333
0 0.126562 0.916667 0.115625 0.154167
0 0.044531 0.920833 0.085938 0.145833
0 0.219531 0.775000 0.192188 0.262500
0 0.068750 0.572917 0.115625 0.208333
0 0.325781 0.392708 0.139063 0.168750
0 0.507031 0.355208 0.135938 0.147917
0 0.469531 0.347917 0.089063 0.208333
0 0.686719 0.391667 0.176563 0.212500
0 0.630469 0.597917 0.154688 0.158333
0 0.749219 0.613542 0.129688 0.214583
0 0.635156 0.818750 0.117188 0.141667
0 0.601562 0.952083 0.046875 0.062500
0 0.787500 0.877083 0.128125 0.175000
0 0.932813 0.832292 0.128125 0.172917
0 0.957031 0.911458 0.064063 0.147917
0 0.846875 0.967708 0.056250 0.035417
0 0.165625 0.286458 0.231250 0.252083
0 0.045313 0.293750 0.090625 0.137500
0 0.027344 0.113542 0.042188 0.168750
0 0.114063 0.055208 0.140625 0.093750
0 0.273438 0.082292 0.187500 0.110417
0 0.406250 0.052083 0.150000 0.062500
0 0.573438 0.083333 0.115625 0.137500
0 0.732813 0.091667 0.118750 0.145833
0 0.884375 0.082292 0.168750 0.114583
0 0.807031 0.209375 0.101562 0.135417
0 0.820312 0.316667 0.215625 0.162500
0 0.948438 0.233333 0.090625 0.170833
2 0.754688 0.612500 0.034375 0.045833
2 0.595313 0.108333 0.040625 0.104167
2 0.124219 0.298958 0.067187 0.035417
