1 0.301563 0.351042 0.434375 0.427083
2 0.796875 0.808333 0.087500 0.104167
0 0.113281 0.956250 0.126562 0.075000
0 0.055469 0.803125 0.107813 0.143750
0 0.060156 0.647917 0.104688 0.233333
0 0.139844 0.704167 0.104688 0.300000
0 0.189063 0.660417 0.103125 0.270833
0 0.324219 0.639583 0.167188 0.166667
0 0.396875 0.720833 0.153125 0.237500
0 0.575781 0.840625 0.198438 0.235417
0 0.682813 0.895833 0.128125 0.162500
0 0.860156 0.925000 0.151563 0.137500
0 0.959375 0.894792 0.025000 0.181250
0 0.925781 0.770833 0.123438 0.304167
0 0.689844 0.513542 0.107813 0.197917
0 0.528125 0.577083 0.168750 0.162500
0 0.848438 0.476042 0.096875 0.210417
0 0.950000 0.541667 0.050000 0.145833
0 0.722656 0.266667 0.220313 0.220833
0 0.743750 0.096875 0.218750 0.156250
0 0.916406 0.218750 0.148438 0.166667
0 0.357031 0.082292 0.232813 0.135417
0 0.145313 0.148958 0.225000 0.210417
