1 0.300781 0.867708 0.170313 0.235417
0 0.081250 0.833333 0.137500 0.304167
0 0.214844 0.632292 0.129688 0.239583
0 0.128125 0.505208 0.137500 0.202083
0 0.038281 0.489583 0.067187 0.216667
0 0.093750 0.327083 0.100000 0.183333
0 0.239063 0.454167 0.103125 0.187500
0 0.350000 0.526042 0.137500 0.243750
0 0.468750 0.505208 0.137500 0.227083
0 0.572656 0.556250 0.098438 0.216667
0 0.315625 0.278125 0.143750 0.193750
0 0.408594 0.363542 0.126562 0.102083
0 0.148438 0.183333 0.184375 0.283333
0 0.056250 0.087500 0.106250 0.170833
0 0.570312 0.165625 0.178125 0.260417
0 0.652344 0.243750 0.082813 0.175000
0 0.716406 0.565625 0.135938 0.168750
0 0.693750 0.455208 0.156250 0.135417
0 0.749219 0.343750 0.132812 0.150000
0 0.879688 0.207292 0.134375 0.252083
0 0.937500 0.383333 0.093750 0.204167
0 0.857813 0.593750 0.146875 0.166667
0 0.949219 0.773958 0.098438 0.222917
0 0.743750 0.940625 0.100000 0.106250
0 0.917969 0.904167 0.151563 0.050000
0 0.381250 0.023958 0.140625 0.039583
0 0.573438 0.047917 0.190625 0.083333
0 0.710156 0.055208 0.104688 0.068750
0 0.915625 0.079167 0.162500 0.129167
2 0.725781 0.481250 0.035938 0.083333
2 0.874219 0.613542 0.029688 0.089583
2 0.978125 0.762500 0.018750 0.070833
2 0.955469 0.773958 0.026563 0.052083
2 0.221875 0.438542 0.050000 0.064583
2 0.060938 0.450000 0.028125 0.037500
2 0.377344 0.443750 0.032813 0.029167
2 0.390625 0.492708 0.018750 0.056250
2 0.794531 0.304167 0.029688 0.070833
2 0.914062 0.422917 0.025000 0.029167
2 0.959375 0.322917 0.012500 0.029167
2 0.651563 0.079167 0.031250 0.045833
2 0.642188 0.144792 0.031250 0.027083
