1 0.564844 0.291667 0.273438 0.362500
0 0.292187 0.859375 0.115625 0.222917
0 0.278125 0.935417 0.162500 0.104167
0 0.128125 0.833333 0.140625 0.204167
0 0.085156 0.950000 0.132812 0.087500
0 0.027344 0.564583 0.042188 0.150000
0 0.136719 0.410417 0.120313 0.175000
0 0.206250 0.320833 0.184375 0.191667
0 0.278906 0.575000 0.154688 0.204167
0 0.450000 0.581250 0.140625 0.158333
0 0.625781 0.592708 0.095313 0.172917
0 0.552344 0.798958 0.098438 0.147917
0 0.662500 0.812500 0.125000 0.154167
0 0.594531 0.950000 0.079688 0.091667
0 0.803125 0.941667 0.106250 0.104167
0 0.796875 0.589583 0.106250 0.079167
0 0.826563 0.495833 0.121875 0.154167
0 0.950781 0.630208 0.085938 0.064583
0 0.980469 0.422917 0.035938 0.133333
0 0.762500 0.087500 0.137500 0.162500
0 0.911719 0.061458 0.120313 0.106250
0 0.365625 0.110417 0.162500 0.175000
0 0.203125 0.090625 0.162500 0.127083
0 0.135156 0.035417 0.142187 0.070833
0 0.027344 0.093750 0.045313 0.162500
2 0.131250 0.971875 0.037500 0.052083
