1 0.271094 0.698958 0.235938 0.260417
0 0.277344 0.936458 0.129688 0.114583
0 0.165625 0.839583 0.165625 0.175000
0 0.060938 0.903125 0.115625 0.189583
0 0.139844 0.770833 0.151563 0.170833
0 0.181250 0.501042 0.134375 0.139583
0 0.140625 0.582292 0.175000 0.118750
0 0.084375 0.666667 0.125000 0.158333
0 0.334375 0.428125 0.206250 0.156250
0 0.054688 0.369792 0.103125 0.147917
0 0.064063 0.510417 0.112500 0.166667
0 0.730469 0.440625 0.204688 0.206250
0 0.642188 0.711458 0.146875 0.235417
0 0.785156 0.754167 0.182813 0.245833
0 0.904688 0.590625 0.159375 0.210417
0 0.914062 0.417708 0.159375 0.114583
0 0.928125 0.338542 0.100000 0.139583
0 0.942969 0.197917 0.107813 0.133333
0 0.716406 0.218750 0.132812 0.175000
0 0.672656 0.116667 0.145313 0.187500
0 0.825781 0.077083 0.167188 0.141667
0 0.390625 0.112500 0.187500 0.183333
0 0.220313 0.106250 0.184375 0.179167
0 0.301563 0.112500 0.143750 0.154167
0 0.053906 0.155208 0.098438 0.202083
0 0.492188 0.060417 0.178125 0.108333
0 0.598438 0.958333 0.096875 0.079167
2 0.870313 0.530208 0.050000 0.089583
2 0.910938 0.205208 0.046875 0.060417
2 0.442188 0.197917 0.046875 0.075000
2 0.757812 0.068750 0.040625 0.058333
2 0.944531 0.336458 0.026563 0.052083
2 0.960156 0.414583 0.029688 0.041667
2 0.715625 0.397917 0.075000 0.062500
