1 0.614063 0.719792 0.375000 0.556250
0 0.289062 0.923958 0.156250 0.143750
0 0.431250 0.900000 0.137500 0.170833
0 0.374219 0.734375 0.248438 0.268750
0 0.156250 0.660417 0.193750 0.208333
0 0.037500 0.612500 0.075000 0.158333
0 0.026563 0.810417 0.037500 0.166667
0 0.186719 0.285417 0.198438 0.200000
0 0.046094 0.253125 0.060938 0.156250
0 0.042969 0.123958 0.076563 0.185417
0 0.401563 0.241667 0.171875 0.116667
0 0.403125 0.408333 0.121875 0.250000
0 0.511719 0.301042 0.104688 0.172917
0 0.633594 0.372917 0.179688 0.208333
0 0.729688 0.239583 0.140625 0.258333
0 0.567188 0.101042 0.228125 0.177083
0 0.733594 0.102083 0.151563 0.133333
0 0.794531 0.534375 0.154688 0.318750
0 0.947656 0.454167 0.101562 0.150000
0 0.922656 0.606250 0.098438 0.216667
0 0.820312 0.787500 0.103125 0.204167
0 0.912500 0.940625 0.087500 0.106250
2 0.912500 0.737500 0.043750 0.083333
