1 0.461719 0.535417 0.251563 0.304167
1 0.235156 0.571875 0.142187 0.147917
0 0.082813 0.943750 0.143750 0.100000
0 0.107031 0.775000 0.117188 0.212500
0 0.298438 0.794792 0.196875 0.260417
0 0.327344 0.956250 0.198438 0.083333
0 0.507812 0.760417 0.153125 0.166667
0 0.671094 0.770833 0.151563 0.137500
0 0.603125 0.888542 0.121875 0.122917
0 0.546875 0.939583 0.137500 0.100000
0 0.711719 0.657292 0.142187 0.131250
0 0.789062 0.602083 0.140625 0.166667
0 0.864063 0.526042 0.134375 0.143750
0 0.642969 0.461458 0.117188 0.152083
0 0.575000 0.641667 0.125000 0.137500
0 0.560937 0.321875 0.159375 0.106250
0 0.394531 0.290625 0.151563 0.164583
0 0.206250 0.238542 0.118750 0.127083
0 0.309375 0.127083 0.125000 0.150000
0 0.521094 0.118750 0.182813 0.175000
0 0.931250 0.036458 0.115625 0.047917
0 0.960156 0.163542 0.051563 0.056250
0 0.969531 0.305208 0.039062 0.077083
0 0.975781 0.570833 0.032813 0.137500
0 0.956250 0.762500 0.068750 0.170833
0 0.802344 0.960417 0.045313 0.050000
0 0.080469 0.431250 0.142187 0.200000
2 0.121094 0.150000 0.057813 0.154167
