1 0.451563 0.343750 0.353125 0.404167
0 0.216406 0.888542 0.142187 0.189583
0 0.215625 0.726042 0.165625 0.181250
0 0.328125 0.812500 0.106250 0.170833
0 0.415625 0.887500 0.134375 0.195833
0 0.565625 0.866667 0.112500 0.195833
0 0.661719 0.859375 0.123438 0.172917
0 0.889063 0.837500 0.146875 0.245833
0 0.962500 0.675000 0.068750 0.137500
0 0.906250 0.497917 0.184375 0.145833
0 0.753125 0.518750 0.121875 0.175000
0 0.696875 0.437500 0.131250 0.162500
0 0.660938 0.628125 0.193750 0.172917
0 0.559375 0.608333 0.109375 0.154167
0 0.492188 0.577083 0.134375 0.100000
0 0.297656 0.566667 0.148438 0.233333
0 0.132812 0.584375 0.137500 0.168750
0 0.171875 0.441667 0.190625 0.187500
0 0.033594 0.554167 0.054688 0.191667
0 0.050781 0.826042 0.079688 0.172917
0 0.042188 0.352083 0.084375 0.254167
0 0.034375 0.143750 0.068750 0.204167
0 0.227344 0.190625 0.176563 0.322917
0 0.346094 0.079167 0.104688 0.120833
0 0.450781 0.071875 0.092188 0.114583
0 0.621875 0.058333 0.153125 0.087500
0 0.793750 0.080208 0.103125 0.139583
0 0.964844 0.026042 0.057813 0.014583
0 0.973438 0.300000 0.046875 0.212500
2 0.853125 0.305208 0.075000 0.077083
